5,439
5,849
mixby
7,431
5,194
8,120
5,742
13,099
7,176
pbsnewshour
7,270
7,268
7,842
7,374
8,570
7,904
8,389
10,625
8,507
7,854
7,663
nevake
8,763
9,740
8,561
8,864
9,358
8,955
9,121
9,758
8,631
10,221
10,486
10,249
17,001
11,554
indiavideodotorg
30,990
10,917
11,559
11,466
12,985
11,109
11,316
11,993
11,409
35,770
14,790
11,228
12,669
12,226
17,985
17,940
12,348
12,017
15,530
13,158
16,125
13,041
16,180
13,371
captjoe06
13,694
14,533
16,452
15,619
15,298
14,536
16,439
17,277
14,143
16,289
24,073
18,018
20,728
25,170
19,993
16,682
16,941
20,380
19,310
35,777
20,680
17,892
18,067
17,272
20,945
furrer4heisman
17,609
21,285
23,110
24,139
20,134
20,278
23,965
antirecords
17,718
20,379
20,304
20,141
27,090
19,068
24,660
24,210
19,428
26,516
yaratilistr
22,339
24,007
19,408
lbvideos
nrj12
22,344
22,694
24,915
21,084
24,637
38,001
27,875
catman916
ttcountenance
23,879
27,426
22,394
28,975
25,665
sacredheals
26,451
59,750
38,846
26,585
31,225
34,580
megamanng
23,684
30,313
26,229
23,559
thegunnshop
21,481
23,877
26,897
25,629
41,362
33,975
whichwebsite
28,274
27,231
37,655
aldy32
31,442
33,630
saestrol
hoopmixtapeblog
28,918
25,878
honeyphan
32,525
35,377
funkmode
30,776
31,354
34,496
roadwaywiz
28,127
52,874
nativeinstruments
29,272
34,025
32,589
34,973
36,786
39,239
woozybmx
40,289
factoryconnection
28,487
31,649
32,168
coockiestv
rubles
570,000
per-person
textbooksrus.com
191,000
46,500
146.5
126.8
332,000
24900
worldticketshop.com
enԁ
24,990
55.08
mtoe
outpersonals
12-00
200-299
toysships
star16
0ft
5-600
75/night
62.47
saic.com
4,25
80.55
trueachievement
100ish
750-1
150t
282k
48,800
4,990.00
636,000
397.99
0-250
euro2
290000
75.48
76.86
647,000
64.81
87.35
112.10
z_1
112.46
73.82
143.65
83.35
6000-7000
us-dollars
bedsuniversity
102.06
59-79
lfloor
122.75
kilolitre
81.02
+0.88
90the
303.6
87.61
89.42
orfour
96.42
ausverkauft
104.35
285.2
296.8
271.1
169.38
dokoras
-33.5
811033
us400
252m
92.36
60,300
15,000,000.00
dirx
offup
1,920,000
245.70
34,501
1.598
i-jobs
110.31
2.462
382.1
56,000.00
ac_n
101.59
75,300
up$
105.89
36bn
361.9
956,000
xs-s-m-l-xl
779k
7.991
138.55
114.01
156.96
:19.00
209.75
33ml
+1.85
bedsst
115.56
2.712
989.95
234.94
610.0
+1.41
50-55k
510.4
230.30
3.979
575.0
rank29
6-to
#sol
2.691
128.78
800-2000
1,115,000
309.50
out/check
411.25
961,000
29-03
,888.00
1,610,000
406.8
1trn
r270w4
178.40
183.82
375.9
870.0
12,00,000
152.89
133.12
575.1
1,157.00
14,700.00
157.65
9991-3
129/nt
117,700
368.7
124.37
140.07
899,950
151.13
2,200,000.00
481.4
319not
133.42
164.35
pre-allocating
3,998.00
753k
173.94
251.96
2.978
436.4
